
world = 

    vertices: {[2x6 double]  [2x6 double]  [2x6 double]  [2x6 double]}
     indeces: {[1 2 3 4 5 6]  [7 8 9 10 11 12]  [13 14 15 16 17 18]  [19 20 21 22 23 24]}

world.vertices{1} = 

    1.4551   -0.7704   -1.9958   -1.0939    0.8808    1.9761
   -1.3721   -1.8457   -0.1297    1.6744    1.7956    0.3085

world.vertices{2} = 

    1.3319    0.9907    0.4454    0.1510    0.4893    1.1337
    0.1464    0.5496    0.5169   -0.0345   -0.5404   -0.4613

world.vertices{3} = 

    0.2975    0.1001   -0.1538   -0.2912   -0.1088    0.1739
   -0.9611   -0.7172   -0.7424   -1.0720   -1.2796   -1.2445

world.vertices{4} = 

   -0.2686   -0.5803   -1.0706   -1.2500   -0.9790   -0.4652
    0.8852    1.2203    1.1337    0.7500    0.3055    0.3391

world.indeces{1} = 

     1     2     3     4     5     6

world.indeces{2} = 

     7     8     9    10    11    12

world.indeces{3} = 

    13    14    15    16    17    18

world.indeces{4} = 

    19    20    21    22    23    24


xGoal =

    1.7500
         0


xStart =

   -1.5000   -0.9000    1.2000    0.3000   -0.3000
         0   -1.3000   -1.1000    1.5000   -0.1000

