
points =

    6.2945   -7.4603    2.6472   -4.4300    9.1501   -6.8477    9.1433    6.0056   -1.5648    5.8441    3.1148    6.9826    3.5747    3.1096    4.1209   -4.4615   -8.0574    2.9224    9.0044    0.5760   -0.3917   -5.4470   -6.0000   -6.5530   -5.5023   -4.0645   -2.8479   -2.1290    7.3825
    8.1158    8.2675   -8.0492    0.9376    9.2978    9.4119   -0.2925   -7.1623    8.3147    9.1898   -9.2858    8.6799    5.1548   -6.5763   -9.3633   -9.0766    6.4692   -2.7435   -9.3111    8.3382    7.8134    6.5073    4.5481    5.6676   -7.3469   -6.5073   -7.9767   -9.5860   -0.6297
